CDE: 0.9926722152268048
PCC: 0.9813196193390352
