CDE: 0.8359951935519403
PWC: 0.8605791621183106
