CDE: 0.99146515691471
PWC: 0.978116981496353
