CDE: 0.9877294163587754
PCC: 0.982202156458258
