CDE: 0.8656640845456314
PWC: 0.9084518902292109
