Alpha: 0.9781382355591601
Beta: 0.5085037998257786
