CDE: 0.994744708994709
PWC: 0.9758737917924158
