CDE: 0.8639048004550659
PWC: 0.9061427151651317
