Alpha: 0.9754084633210648
Beta: 0.6592276683998364
