CDE: 0.9890991014963234
PCC: 0.9741256240066719
