CDE: 0.9803446777183505
PCC: 0.9643620130228099
