CDE: 0.9893411251491829
PCC: 0.9796845396009632
