CDE: 0.8616387345162855
PWC: 0.9050627994036715
