CDE: 0.9836375650816458
PCC: 0.9647840909606852
