Alpha: 0.9902168481243907
Beta: 0.4675366806753668
