CDE: 0.9826088175117015
PCC: 0.9904364212971344
