CDE: 0.9760295575380733
PWC: 0.9654501889748016
