CDE: 0.992984114676
PCC: 0.9881021362906681
