CDE: 0.9837392381478866
PWC: 0.9691537537174082
