CDE: 0.9846251263168395
PWC: 0.9712106218402845
