CDE: 0.9945049464156377
PCC: 0.9869053400579392
