CDE: 0.977859171159307
PCC: 0.9622725029782895
