CDE: 0.9909667064488251
PCC: 0.9755880926348129
