CDE: 0.9898761265895716
PCC: 0.9601537457379248
