CDE: 0.5495447054465824
PWC: 0.5042711356788268
