CDE: 0.9420552286102309
PCC: 0.9085610596237602
