CDE: 0.9971600529100529
PCC: 0.9937918545301841
