CDE: 0.9895625449030095
PCC: 0.9711749016796829
