CDE: 0.8167602423210311
PWC: 0.6872795747102952
