
CDE: 0.9842997654224455
PCC: 0.9749881465361675
