
Alpha_Precision_all: 0.917112475103128
Beta_Recall_all: 0.36265514404780197
