Alpha_Precision_all: 0.9564065014192475
Beta_Recall_all: 0.39019242706393553
