Alpha_Precision_all: 0.8575763328301227
Beta_Recall_all: 0.36738291313741256
