Alpha_Precision_all: 0.9051117017109315
Beta_Recall_all: 0.4138236517148487
