Alpha_Precision_all: 0.8185350243620224
Beta_Recall_all: 0.37371613498097156
