Alpha_Precision_all: 0.8958495296294288
Beta_Recall_all: 0.4017440774288418
