Alpha_Precision_all: 0.7277564340146263
Beta_Recall_all: 0.08623824460856544
