Alpha_Precision_all: 0.9411822844159993
Beta_Recall_all: 0.42060530455063183
