CDE: 0.9832503395201448
PCC: 0.9635715589333878
