CDE: 0.9664835067365601
PCC: 0.9440433001097075
