CDE: 0.851398756463816
PCC: 0.747703798201848
