Alpha: 0.9946998162130717
Beta: 0.6148834073955811
