Alpha: 0.9753829506044721
Beta: 0.5953469394995698
