Alpha: 0.9808317176660865
Beta: 0.6063010563848754
