Alpha: 0.8881686667908429
Beta: 0.19132008195630779
