Alpha: 0.9755408318033049
Beta: 0.735256290856195
