CDE: 0.9910284373842544
PWC: 0.9397921380529637
