CDE: 0.8578135935550537
PWC: 0.908994031546278
