CDE: 0.8579682210375786
PWC: 0.9073715443422841
