Alpha: 0.9883007341960527
Beta: 0.6497057492077863
