Alpha: 0.9442583371057793
Beta: 0.6853629093103969
