Alpha: 0.9911564921243082
Beta: 0.4720444444444445
