CDE: 0.9897231354262377
PCC: 0.9856540763032834
