Alpha: 0.9978948731983215
Beta: 0.49590582010582007
