CDE: 0.9861105395283757
PCC: 0.9747197183304969
