CDE: 0.9899907407407408
PCC: 0.9843785430206362
