Alpha: 0.9878074543534028
Beta: 0.6400784668779238
