Alpha: 0.98724392896354
Beta: 0.6706503696997133
