Alpha: 0.9942991835906402
Beta: 0.6331975252753888
