Alpha: 0.9814047028093016
Beta: 0.5635883506865852
