Alpha: 0.798596650067904
Beta: 0.5291232835370454
