Alpha: 0.9945843284785855
Beta: 0.5757808963331824
