Alpha: 0.9814863957790231
Beta: 0.6283989738946734
