CDE: 0.8624496685301096
PWC: 0.9158650535639806
