CDE: 0.8611885689221815
PWC: 0.9152872338954956
