CDE: 0.9909049755133956
PCC: 0.9743413670245613
