CDE: 0.5074173119395439
PCC: 0.4070673257581458
