Alpha: 0.9609237927071947
Beta: 0.48312639554546555
