CDE: 0.9728849603408167
PWC: 0.938706006222991
