Alpha: 0.9850209350654668
Beta: 0.4786237113929752
