CDE: 0.9778522835120583
PCC: 0.9643395777487688
