Alpha: 0.977070401495987
Beta: 0.605023815225779
