Alpha: 0.018418881881801963
Beta: 0.016868453030343344
