Alpha: 0.9937984681058263
Beta: 0.6378152080395234
