Alpha: 0.9787995707050549
Beta: 0.6298501902557143
