Alpha: 0.9818119757874715
Beta: 0.5763710385567176
