CDE: 0.642874896293154
PWC: 0.6981753161068639
