CDE: 0.9906313474007256
PCC: 0.9759789986705362
