CDE: 0.9825262345679012
PWC: 0.9678054289562286
